    unsorted:	 2220.660990 2220.660990
      sorted:	 2220.660990 2220.660990
