    unsorted:	 5731.755266 6159.840603 4695.642266 6827.260495 7911.655859 8861.892182 9696.741913 11426.95646 11009.03385 12993.98420 1384.960040 73.20028136 15.94276100 214.6160658 476.0777404 14988.51508 16127.42276 18026.61937 30054.75884 37796.79209 67565.64728 69406.83926 71444.18248 78974.48103 86960.72507 92441.20444 100130.4495 102542.0279 117717.4173 128784.1084 143689.1328 159961.1333 166988.3313 184259.1306 283396.6800 473931.3130 609650.5441 1820711.781
      sorted:	 15.94276100 73.20028136 214.6160658 476.0777404 1384.960040 4695.642266 5731.755266 6159.840603 6827.260495 7911.655859 8861.892182 9696.741913 11009.03385 11426.95646 12993.98420 14988.51508 16127.42276 18026.61937 30054.75884 37796.79209 67565.64728 69406.83926 71444.18248 78974.48103 86960.72507 92441.20444 100130.4495 102542.0279 117717.4173 128784.1084 143689.1328 159961.1333 166988.3313 184259.1306 283396.6800 473931.3130 609650.5441 1820711.781
