    unsorted:	 105.8518815 1.959792194
      sorted:	 1.959792194 105.8518815
